time,x,y,z,phi,theta,psi,x_velocity,y_velocity,z_velocity,phi_velocity,theta_velocity,psi_velocity,rotor_speed1,rotor_speed2,rotor_speed3,rotor_speed4
0.06,-5.63629542048e-07,6.15788080101e-08,10.0006711179,8.05651901921e-05,0.000514359630486,0.0,-4.56400860307e-05,5.81347147936e-06,0.0223701631206,0.00390160203795,0.0217691720661,0.0,411.2457511829888,413.16906640649785,410.6863525411869,411.03217655192634
0.12000000000000001,-1.96356203379e-05,2.99782761242e-06,10.0058286425,0.000196374078372,0.00192335749526,0.0,-0.000734256527842,0.000110956154001,0.149538257052,-0.00233745780239,0.0267079067741,0.0,445.296661499455,445.7004643507627,445.6355976243836,445.1253755997873
0.18,-0.000110441074661,1.31613010725e-05,10.01822726,6.28297493077,0.00343506472894,0.0,-0.0024548557659,0.000201370893489,0.263728410903,-0.0176054698575,0.0219840042757,0.0,441.98956812878237,441.60025423024064,441.6655578566563,440.40482977985846
0.23999999999999996,-0.000338235093031,1.6466308221e-05,10.038286512,6.28203485723,0.00468210132262,0.0,-0.00527695815443,-0.000198819211761,0.404872617861,-0.0120500978377,0.0182690408538,0.0,450.26366364095037,449.9630523000157,449.3810008257106,449.8311139060733
0.3,-0.000750130330852,-2.06100181419e-05,10.0644333303,6.28109617237,0.00570963096245,0.0,-0.00855518055549,-0.00111592700466,0.466663685933,-0.0240295025448,0.0147344369393,0.0,425.1306856868945,424.82770488541064,425.11808177058134,424.09060001074266
0.36000000000000004,-0.00140872734616,-0.000145838970464,10.0995213874,6.27925214741,0.00651834724196,0.0,-0.0135009405705,-0.00325215794262,0.702821563733,-0.0495785944474,0.010840652256,0.0,478.2104930949335,477.9137168463588,479.75229106492964,477.80838813678844
0.4200000000000001,-0.00234442179438,-0.000425935071811,10.1429627073,6.27606774382,0.00710199093831,0.0,-0.0177464789104,-0.00637106383342,0.745193620997,-0.0611819762369,0.0074023603117,0.0,418.6665597381242,418.36722396643285,419.4761485275315,418.46536478565594
0.48000000000000015,-0.00356857396124,-0.000981158923074,10.1922074381,6.27196993966,0.00742510878011,0.0,-0.0231002520248,-0.0125540713343,0.896186919265,-0.0889349218685,0.00101050914199,0.0,452.5764689391838,452.0616923243892,455.57496596663793,453.34703289047235
0.5400000000000001,-0.0051147334502,-0.0019972483102,10.2498650216,6.26672168954,0.00729702000724,0.0,-0.0284349873657,-0.0218769726432,1.02561755311,-0.0846944539021,-0.00931428214428,0.0,448.19353593783296,447.3537544365034,446.0417023083158,446.3815118647466
0.6000000000000002,-0.00697064026721,-0.00367046029853,10.3145524892,6.26268565611,0.00682562207522,0.0,-0.0333751337109,-0.0343501141848,1.13052509588,-0.0453361069911,-0.00508997892877,0.0,439.54618909247904,439.8962056162751,437.7798955331254,441.0381625612263
0.6600000000000003,-0.00911198241763,-0.00616168720599,10.3852020847,6.25970381484,0.00669705028047,0.0,-0.0379809655812,-0.048975126419,1.22435891119,-0.0602763876047,0.00318159684215,0.0,436.362950002345,437.0528670195981,436.4908783586204,435.2407337532658
0.7200000000000003,-0.0115701553427,-0.00974294528801,10.4676229151,6.2562655661,0.00691210199229,0.0,-0.0439825077404,-0.0708543173723,1.52264145241,-0.0519409490782,0.00437752775196,0.0,496.881845591121,496.9694318127835,497.54586136780927,498.1537859372709
0.7800000000000004,-0.0143731001868,-0.01464160772,10.5648574951,6.2529962555,0.00724553570472,0.0,-0.0494818663012,-0.092797176178,1.71822631284,-0.0601419632569,0.00781809206169,0.0,468.78052749187276,469.0476814091143,468.5629178460254,467.92314225357734
0.8400000000000004,-0.0174812491734,-0.0207942798424,10.6692467541,6.24967158404,0.00787095595347,0.0,-0.054174318077,-0.112613147421,1.76133825686,-0.0473226104079,0.0151828235298,0.0,422.43240815542305,423.06684258300754,419.76079350562463,420.8693861594633
0.9000000000000005,-0.0208699015596,-0.0281347748258,10.7744073808,6.24687591769,0.00826960151456,0.0,-0.0588461716745,-0.132309654946,1.74403247428,-0.0451769337536,-0.0218830735721,0.0,403.10087622896526,399.7375295552247,401.02113898269624,401.21443340287084
0.9600000000000005,-0.0245787089396,-0.0368897450223,10.8835561729,6.24426999229,0.00682641682396,0.0,-0.064628554697,-0.159804989936,1.89401246322,-0.0401536638979,-0.0287900850722,0.0,455.99734616401236,455.4452303999388,455.2542091285836,455.6549258061888
1.0200000000000005,-0.0285855465597,-0.0472560329622,10.9992902661,6.24205059058,0.00546453296223,0.0,-0.0687834533428,-0.185958981895,1.96366327533,-0.031315170585,-0.0126784893677,0.0,430.2194839218823,431.58132667026496,430.5100507087236,431.25650921288576
1.0800000000000005,-0.0328269727235,-0.0592973081631,11.1207327151,6.24020288627,0.00535555924789,0.0,-0.0725568693229,-0.215604545892,2.08419551445,-0.029774832506,0.0139847219544,0.0,445.88636481937044,448.0592368906967,447.5801481528042,447.70517255130784
1.1400000000000006,-0.0372968755582,-0.0731488955628,11.249228147,6.2382818206,0.00609819700459,0.0,-0.0765213945625,-0.246299368285,2.19875982197,-0.0369292398119,0.00895137935808,0.0,446.40869861355895,445.99769062852965,445.9446585364655,445.35951594935705
1.2000000000000006,-0.0420252911133,-0.088924094255,11.3854853186,6.23665325223,0.00706924860204,0.0,-0.0811757937719,-0.279732069953,2.34284769422,-0.0125325648781,0.0277152752184,0.0,455.47051854601943,456.9685721676275,453.8814060876114,455.8348374314352
1.2600000000000007,-0.0470596747479,-0.106743854617,11.5305559786,6.23616372591,0.008329140565,0.0,-0.0868005960684,-0.314313432523,2.49251773944,-0.000597988995792,0.00209563891206,0.0,458.0158399174114,455.97378126171844,458.26397706940645,459.2117376002755
1.3200000000000007,-0.052441527437,-0.126582181886,11.6832252626,6.23583480579,0.00823903381144,0.0,-0.0925957309419,-0.346971581,2.59622352036,-0.0176828943769,-0.00989538919893,0.0,445.24104636871385,444.25898736460925,444.63099807504096,443.2292025931473
1.3800000000000008,-0.0581723690889,-0.148420902076,11.8427406784,6.23472056822,0.00819743897725,0.0,-0.0984012204046,-0.381088933196,2.72065860245,-0.0204078368753,0.0132483170439,0.0,450.0045447769862,451.87408184866405,451.7776280678463,451.557927798147
1.4400000000000008,-0.0642578969731,-0.172346006692,12.0100173181,6.23354260154,0.00894077566858,0.0,-0.104529508689,-0.416529494063,2.85489055637,-0.0181261668785,0.0106123246768,0.0,455.0027222094484,454.79151729909523,454.9192217031917,455.10192911847196
1.5000000000000009,-0.0707043192313,-0.19829648805,12.1828059308,6.23221472354,0.0101475119715,0.0,-0.110441837988,-0.448595659182,2.90459246152,-0.0316689547854,0.0343968022748,0.0,427.6901818882138,429.71117487461527,429.8451688659175,428.6958862407332
1.560000000000001,-0.0775466565367,-0.226266017452,12.3598737744,6.23071289596,0.0121130153518,0.0,-0.117837283903,-0.483881457416,2.99741146873,-0.0142760199025,0.0292625760391,0.0,442.98690533267995,442.5649277795652,442.70263275023893,444.1313188863984
1.620000000000001,-0.0848255872305,-0.256184028331,12.5387944482,6.23063351995,0.0135053639062,0.0,-0.12492848918,-0.513425589295,2.96668312495,0.0166260995822,0.00694222589777,0.0,404.304094896137,402.2881117637339,401.0479550357264,403.8451127593823
1.680000000000001,-0.0926320848732,-0.288191783171,12.7219714786,6.23161643616,0.0136860618886,0.0,-0.13531737826,-0.553368737387,3.13875956929,0.0158891096483,-0.00631473054563,0.0,467.68452431977215,466.65078740242416,468.40438173964975,468.34696018922887
1.740000000000001,-0.101041429501,-0.322494515794,12.9139101687,6.23246127128,0.0130378080601,0.0,-0.14493796385,-0.589948914542,3.2588613278,0.010193300224,-0.0217749752711,0.0,453.71686207746944,452.47401531625314,453.0421826509309,452.583858026854
1.8000000000000012,-0.109985523425,-0.358875552875,13.111070348,6.23340573803,0.0119898557182,0.0,-0.153085820643,-0.622674169654,3.31298968591,0.025007476074,-0.0100030228598,0.0,432.0187458994876,433.0102719950823,432.5854339069148,433.8310640575717
1.8600000000000012,-0.119404187727,-0.39721533262,13.3117844747,6.23498083349,0.0112928974484,0.0,-0.160805219277,-0.655166716177,3.3772974667,0.0286301164722,-0.0150544688356,0.0,436.2594945267247,435.8376082501238,436.7310967797787,437.0333139217078
1.9200000000000013,-0.12929790455,-0.437588805807,13.5187449914,6.2363253085,0.0100793428202,0.0,-0.168869151313,-0.690430867299,3.52095927323,0.00551067875734,-0.0333601379473,0.0,461.7395533871651,460.2930997946188,462.9877355188634,461.165125384229
1.9800000000000013,-0.139620977791,-0.479942781691,13.7319190227,6.23667411974,0.0078755582638,0.0,-0.175029701687,-0.721332358625,3.58464292111,0.00641245245905,-0.0445016196759,0.0,437.7958652904469,436.8671341691085,437.8201776872059,437.89510454656
2.0400000000000014,-0.150299088393,-0.524333377086,13.9529783141,6.23751194144,0.00572374870596,0.0,-0.180626710526,-0.758256262744,3.78336233708,0.0259009507356,-0.0225911990482,0.0,478.48013522153883,480.1447698992457,478.3125368578563,479.7943733225217
2.1000000000000014,-0.161246560587,-0.570744724281,14.1821774718,6.23902224468,0.0044224961966,0.0,-0.18415799164,-0.788635230431,3.85637096775,0.0236720559575,-0.0199390221081,0.0,442.16557968324133,442.38402153610065,442.5204714437318,442.3370552565745
2.1600000000000015,-0.172393942787,-0.619090036888,14.4189305698,6.24063285126,0.00306747963641,0.0,-0.187275049883,-0.822683464329,4.03478990049,0.0325313376896,-0.028480101218,0.0,474.59738176228836,473.94133326934764,475.35611522288457,476.03466778674556
2.2200000000000015,-0.18368082939,-0.669221059591,14.6611873285,6.24268322304,0.00140401070067,0.0,-0.188806526801,-0.848182435175,4.04042489756,0.0372682524852,-0.0262547458005,0.0,421.82664130232433,422.0185459790183,422.6858717325735,423.0944803127566
2.2800000000000016,-0.195037100088,-0.72108072285,14.9096233218,6.244859879,6.28314732426,0.0,-0.189559771247,-0.88019590319,4.24006450641,0.0342192800821,-0.0199246019907,0.0,482.25812258761067,482.7360282583491,482.4367830253185,482.20697883115383
2.3400000000000016,-0.206405925342,-0.774822560711,15.1703192328,6.24721159366,6.28191776406,0.0,-0.189258477119,-0.910916488631,4.44901810882,0.0476432828502,-0.0216536229676,0.0,485.8544613654353,485.7248598966483,486.7104505735529,487.71478207160055
2.4000000000000017,-0.217729425586,-0.830295102463,15.4420029665,6.25007672405,6.28013153562,0.0,-0.188033069144,-0.937840823164,4.60649890178,0.0479689985474,-0.055606245001,0.0,474.0965304388576,471.47991739350203,473.26423941144435,473.29054090083264
2.4600000000000017,-0.228930319313,-0.88732443246,15.7232704385,6.2535871282,6.276430333,0.0,-0.184947188261,-0.962765674842,4.76843946618,0.0739500472031,-0.0780314553789,0.0,476.2071099646083,474.48580868277094,474.7818279166788,476.7732122868223
2.520000000000002,-0.239903683243,-0.94559105857,16.0081581171,6.25840675668,6.27154168332,0.0,-0.180443782151,-0.979095987468,4.72801182094,0.0907284417694,-0.0894515126213,0.0,413.5614094505949,412.54814334781196,412.51993332321916,414.00469777950855
2.580000000000002,-0.25057595941,-1.00466203801,16.2865717158,6.26352308174,6.26622603103,0.0,-0.17496302293,-0.989641925644,4.55318503854,0.0711852794606,-0.0869336084063,0.0,364.0277470170258,364.2712350666391,365.40739532663105,363.46115345182545
2.640000000000002,-0.260668852037,-1.06450292088,16.5648394918,6.267817313,6.26110230807,0.0,-0.160900680717,-1.00457321102,4.72174285714,0.0723296792441,-0.0824857597286,0.0,476.57102379614656,476.9054448468963,477.07797921259396,477.1689138046906
2.700000000000002,-0.269993158818,-1.12502350329,16.844940321,6.27204792605,6.25598391173,0.0,-0.149540565797,-1.01249070467,4.61540516112,0.0665997636776,-0.0916429521218,0.0,390.21596192080847,389.35289851546116,389.6056575022631,389.07403649366614
2.760000000000002,-0.27824342758,-1.1860759022,17.1298983272,6.27713273086,6.2503638923,0.0,-0.124796770104,-1.02199748164,4.88210373312,0.107252256743,-0.0980544998967,0.0,505.40095677462625,504.9323008865648,504.0344087338841,506.9685336907037
2.820000000000002,-0.285059812201,-1.24753289136,17.4250584682,0.000435894920447,6.24454312132,0.0,-0.101852502818,-1.02594762231,4.95626495028,0.109860831598,-0.0950084345523,0.0,450.8398899846226,451.0780687614281,451.1638919994487,451.38457378209614
2.880000000000002,-0.290452407931,-1.30910295927,17.7230034349,0.00697240817274,6.24016029666,0.0,-0.0774658193693,-1.02581110328,4.97516594875,0.107039310747,-0.0477528214936,0.0,432.1198883183113,436.0804559440146,434.5528983986993,434.32704179201147
2.940000000000002,-0.294268649647,-1.37054135875,18.0230195872,0.0131597892775,6.23682723677,0.0,-0.0494641484156,-1.02155166047,5.02516625567,0.093847444847,-0.0795794050045,0.0,445.796509491371,443.1854580225416,444.72027236245316,443.64744657517105
3.000000000000002,-0.296337636507,-1.43161183472,18.3259526375,0.0186481521003,6.2321614542,0.0,-0.0190658590269,-1.01361910742,5.07239299871,0.0862452966067,-0.0743594700514,0.0,444.30852382902805,444.7315178855988,443.6125111125857,442.9947759127146
3.0600000000000023,-0.296533877907,-1.49211947944,18.6309558378,0.0241994264839,6.22764281451,0.0,0.0129276081707,-1.00282497765,5.09427756977,0.102785349855,-0.0772831487937,0.0,436.3215800950727,436.07281163889985,435.6829902723896,437.071160271331
3.1200000000000023,-0.294731065339,-1.55187843241,18.9371923448,0.0300002141438,6.22289352143,0.0,0.0475862156927,-0.988607563396,5.11350964915,0.0802468546471,-0.08318633907,0.0,436.43647691745366,435.9382539975652,436.06777964396366,434.18865741913004
3.1800000000000024,-0.290598992714,-1.61060288089,19.247213773,0.0349676867018,6.21792340135,0.0,0.0906352822049,-0.968389443794,5.2200329839,0.0874450614679,-0.0821428462993,0.0,464.09153299808077,464.1681770984551,461.8602671307587,462.4329821109333
3.2400000000000024,-0.283829660839,-1.6680365878,19.5628701033,0.0405552027436,6.2128812302,0.0,0.135481598557,-0.945546231628,5.30144082828,0.102571569484,-0.0881177551149,0.0,456.6878437643248,456.20535773656854,455.9609649806702,457.1749721306522
3.3000000000000025,-0.274323283451,-1.72401726898,19.8826080373,0.0476577486845,6.20775579501,0.0,0.181878547444,-0.919851581085,5.35619904169,0.138939664276,-0.0805206053777,0.0,449.31412115655314,449.92377610426973,447.0565540924348,450.0222478382508
3.3600000000000025,-0.261807331181,-1.77823190715,20.207297073,0.0557304134001,6.20341891566,0.0,0.235755130985,-0.886486421518,5.46620433269,0.123873293435,-0.0594946617851,0.0,466.06726355754074,467.7040102080326,467.0150891245831,465.85390550416054
3.4200000000000026,-0.246515561093,-1.83066560216,20.5318342736,0.0628789487036,6.19996869125,0.0,0.274264585339,-0.860761782912,5.35220753964,0.107440474029,-0.0537942999423,0.0,394.39777329314524,394.9212733448802,395.392842434318,393.89027716402256
3.4800000000000026,-0.228335136203,-1.88105401706,20.8558109425,0.0690976562767,6.1967835046,0.0,0.332039942099,-0.818239091573,5.4465143493,0.0947111136576,-0.0517075445753,0.0,462.56781753549507,462.73041665729846,462.0125115931871,461.01648878612684
3.5400000000000027,-0.206704192098,-1.9288316583,21.1845007354,0.0749684391996,6.19356330774,0.0,0.389272494722,-0.773810090071,5.50944829991,0.103472682218,-0.0579141864622,0.0,454.28817570825527,453.7883003140916,452.51848391572054,453.2313043894898
3.6000000000000028,-0.1818410359,-1.97404946664,21.5140170187,0.0821101711112,6.18971376728,0.0,0.439813307561,-0.732880154223,5.47452600974,0.139376435162,-0.0811340009149,0.0,423.85706646250924,421.8529504764349,421.03966158924044,424.14784871580923
3.660000000000003,-0.153378143342,-2.01624566413,21.8466758944,0.091397945954,6.18511175018,0.0,0.509398198656,-0.672758276291,5.61331738442,0.175019347013,-0.0690537044294,0.0,476.64750311149595,477.5656830495109,475.7156243256892,478.45737068819756
3.720000000000003,-0.121240986444,-2.0551887571,22.1816202463,0.101576384,6.18117889583,0.0,0.562187197849,-0.624511114166,5.55169402915,0.155833961506,-0.0593269438643,0.0,414.2561753016976,415.1072167875546,416.59028654324095,414.93844550684287
3.780000000000003,-0.0856485328241,-2.09085215868,22.5150398254,0.110351888396,6.17776605589,0.0,0.624532182402,-0.563453621893,5.56211756994,0.108371283526,-0.0523909290308,0.0,438.42273107977627,438.9964629121761,440.6618007212767,436.7387916997959
3.840000000000003,-0.0459623889686,-2.12239762983,22.8517966039,0.116576322744,6.17431051294,0.0,0.698618231362,-0.487459955327,5.6624800624,0.0923485089526,-0.0708204821838,0.0,467.7630052970003,466.32314563488694,468.053358887995,466.8131893983549
3.900000000000003,-0.0016044621385,-2.14909573601,23.1959131771,0.121796795364,6.17011068405,0.0,0.78035435107,-0.40196959368,5.80718623017,0.0733166385829,-0.0684001434074,0.0,480.9382671696388,481.1182543625019,483.26961583334116,481.83820795490885
3.960000000000003,0.0474318310821,-2.17089116964,23.5459272028,0.126853737033,6.16584147052,0.0,0.854548461714,-0.324117593243,5.85952001737,0.100186020651,-0.0773202457311,0.0,455.9300918866047,455.21294169686325,454.4829716726103,456.63722077548704
4.020000000000002,0.100848076633,-2.18807768177,23.8977577135,0.133478579573,6.16117200408,0.0,0.926392289219,-0.248207139766,5.86793684747,0.125510788272,-0.0788517643737,0.0,442.0403277003756,441.9092227922211,442.12098125568,444.21347776334346
4.080000000000001,0.159176848913,-2.20002111503,24.2542224449,0.140596040497,6.15612688958,0.0,1.01832636865,-0.149211896914,6.01322524106,0.099020086982,-0.0974159694534,0.0,484.9951828675129,483.5933098222716,487.00476506153956,485.029936192591
4.14,0.222667013013,-2.20638921043,24.6157528329,0.146595842886,6.1500416547,0.0,1.09852511086,-0.0625393279404,6.03742056389,0.101880256246,-0.11094855725,0.0,450.61703649365126,449.5126566932372,450.233125974132,450.4729894947784
4.199999999999998,0.290689798561,-2.20787350157,24.9758195254,0.153102243273,6.14302263415,0.0,1.16946034229,0.0135963003562,5.96493832078,0.119083328916,-0.133145515906,0.0,419.75941657020644,417.81467390889674,418.8657111499697,420.37039682416236
4.259999999999997,0.36337752316,-2.20436535051,25.3335582315,0.160742195293,6.135039682,0.0,1.25414452246,0.103970733443,5.95939855046,0.140126394859,-0.13285747674,0.0,440.9347001648746,440.9420561550911,440.746190283884,442.4968984578854
4.319999999999996,0.441417666886,-2.19515709045,25.6917807441,0.169269799292,6.12674467037,0.0,1.34789230828,0.203692989479,5.98087074009,0.145849948059,-0.152109618236,0.0,451.2301184463699,449.6551536742731,450.6120520876962,451.0930600084863
4.379999999999995,0.525441316187,-2.17959414913,26.0524895762,0.177727897547,6.1174819401,0.0,1.45370935199,0.315809165096,6.04199004552,0.12879387601,-0.159347675633,0.0,464.53810336283664,463.9486143085727,464.8491400152925,463.52777925231845
4.439999999999993,0.616037360835,-2.15710319382,26.417039003,0.185331728891,6.10787340816,0.0,1.56700322859,0.434522708399,6.10881676184,0.122251638714,-0.161778322878,0.0,466.9874624470904,466.7747633821601,468.57944279018255,468.0842033868119
4.499999999999992,0.713039884998,-2.12794733985,26.782341286,0.192147872665,6.09832471663,0.0,1.66720324882,0.537916599079,6.06768958758,0.0843639048722,-0.154344968852,0.0,433.7882392026298,434.3874028789165,436.8891935185255,433.72900447807245
4.559999999999991,0.816918229044,-2.0917657276,27.1488050602,0.196765212124,6.0887032551,0.0,1.79621413789,0.668475264031,6.14681828875,0.0549312641449,-0.176426731099,0.0,474.79958321536833,473.0789147366749,474.6988354870521,472.4384692613342
4.6199999999999894,0.928385677952,-2.04801412828,27.5182317626,0.199763574552,6.07811928887,0.0,1.9202511973,0.790101220255,6.16676827122,0.0375387149865,-0.176344985842,0.0,457.4340568938578,457.41155461628836,457.6838315605102,456.29861108112647
4.679999999999988,1.04746335715,-1.99694269823,27.8886827956,0.201631549721,6.06797657832,0.0,2.04985124427,0.912368467889,6.18098473065,0.01351418163,-0.157441357094,0.0,455.6880064243833,457.1701019385082,458.0005533380836,456.0856259230128
4.739999999999987,1.17461845615,-1.93840077766,28.2604796106,0.201987468568,6.0588500628,0.0,2.18939034958,1.03896365556,6.21154556186,-0.0169850956647,-0.143155759912,0.0,462.7997783119447,463.90215548192003,464.31691618342035,461.91740932885955
4.799999999999986,1.3097475526,-1.87276045784,28.6316657933,0.200886824061,6.05056743407,0.0,2.31556574434,1.14893176095,6.16114698485,-0.0212106286305,-0.12940588095,0.0,438.4170096356041,439.54019095958756,437.7579569463136,437.40616382307707
4.859999999999984,1.45201267258,-1.80101632186,28.9974842462,0.199917609932,6.0429063799,0.0,2.42721142429,1.24252298021,6.0330913667,-0.00758673659863,-0.124449157114,0.0,412.4299344970609,412.8513423478996,410.26616861824067,411.4744145480065
4.919999999999983,1.60153378806,-1.72330524068,29.3574104856,0.199966164848,6.03542984089,0.0,2.55739102113,1.34781155934,5.96435740616,0.0137929834128,-0.124930238026,0.0,431.8481061346148,431.79291275952437,431.03087864225273,432.8343891971835
4.979999999999982,1.75941354043,-1.63893907634,29.7148623667,0.200691947716,6.02769771814,0.0,2.70581523648,1.46436161987,5.95024519496,0.00846681734786,-0.138204728688,0.0,450.371939773043,449.28161268883235,451.265925439672,450.83556000914655
5.0399999999999805,1.926684542,-1.54730790428,30.0727550948,0.200989763268,6.01935469189,0.0,2.87047012915,1.58988210676,5.97875271407,-0.00317218355446,-0.140795828979,0.0,465.22278455214314,465.00280505371035,465.8788327003427,464.96761291596033
