time,x,y,z,phi,theta,psi,x_velocity,y_velocity,z_velocity,phi_velocity,theta_velocity,psi_velocity,rotor_speed1,rotor_speed2,rotor_speed3,rotor_speed4
0.06,-1.83789271823e-07,-1.8607168723e-07,1.06994508234,6.28312040202,5.2370388592e-05,0.0,-1.76681685844e-05,-1.9812016668e-05,2.32989509661,-0.003338486986,0.00256373365465,0.0,-899.842860427,-899.946618736,899.998616946,899.863530924
0.12000000000000001,-7.96404989904e-06,-9.79830308502e-06,1.27900551135,6.28303457235,6.28309168698,0.0,-0.000253968519341,-0.000360093453968,4.63249979261,0.00213627568181,-0.0149989556426,0.0,900.374073959,899.663376498,899.578521624,899.800198225
0.18,-7.53137375393e-07,-4.16796305625e-05,1.62463780501,0.000128142864178,6.28191927629,0.0,0.000916112136592,-0.000614545785319,6.87795038157,0.00925020682951,-0.0306686631048,0.0,900.429969421,899.796080591,899.484664825,899.772618026
0.23999999999999996,0.000186411645784,-5.89269514642e-05,2.10260365734,0.000833170036629,6.28028761487,0.0,0.00600097404489,0.000293105256333,9.03980649005,0.0163331841005,-0.0207227349782,0.0,900.251901463,-900.432053117,899.548076314,899.83467253
0.3,0.000794900958676,4.0031763079e-05,2.70710520754,0.00198340544387,6.2792693195,0.0,0.0146642040693,0.00340340072359,11.0926759487,0.0243145563803,-0.0100816033385,0.0,900.191273945,-900.337502225,899.414123195,899.737109597
0.36000000000000004,0.00198022261283,0.000417135287272,3.43104054504,0.00388285099044,6.27884962709,0.0,0.0249543049936,0.00975235193455,13.0185815841,0.0433289784702,-0.00117088835322,0.0,900.005117419,-900.022565207,899.416182999,900.185899866
0.4200000000000001,0.00378925909058,0.00131699908689,4.26633908948,0.00694123271368,6.27896280151,0.0,0.0352450774546,0.021144599212,14.8032547333,0.0630248418272,0.0076434254656,0.0,900.019470229,-899.977901205,899.033583066,899.831657002
0.48000000000000015,0.00618065279343,0.00310166492073,5.20430976705,0.0112176577025,6.28001655164,0.0,0.0441150425768,0.039498204769,16.4402194097,0.0840732865447,0.0325124631946,0.0,899.641570005,-900.199051661,899.078052098,899.931736566
0.5400000000000001,0.00900337319305,0.00623778518799,6.23600400653,0.0171135745123,6.28236782946,0.0,0.0492522931035,0.0664523596285,17.9272895146,0.117386344931,0.05017813269,0.0,900.015360984,-900.234951703,898.811716122,900.164009591
0.6000000000000002,0.0119739704127,0.0113009035285,7.35245422262,0.0250210285162,0.00233260625093,0.0,0.0488905583295,0.104037624578,19.2659142358,0.15110414716,0.0569795988553,0.0,900.39875024,-900.136977131,898.849617602,900.221569832
0.6600000000000003,0.014745622006,0.0189814113605,8.54485404853,0.0347418895339,0.00624962286108,0.0,0.0425894754019,0.153861271066,20.4599273095,0.177850927957,0.0781490311546,0.0,-899.426512492,-900.285541699,898.944344592,900.038143579
0.7200000000000003,0.0169426749746,0.0300348057599,9.8047828075,0.0460536199773,0.0115184959643,0.0,0.0295636789951,0.216481589152,21.5181737161,0.204111766718,0.102280493483,0.0,-899.500627724,-900.481199627,898.972989391,900.051481356
0.7800000000000004,0.0181284222557,0.0452249179194,11.1243367362,0.0585325093102,0.0181032007087,0.0,0.00874698792702,0.291660972184,22.448978786,0.214763571558,0.121563244692,0.0,-899.470902534,-900.257739,899.173747467,899.623876467
0.8400000000000004,0.0178157619693,0.0652738645372,12.4962098322,0.0715715608955,0.0256494050377,0.0,-0.0204140167579,0.378200084632,23.2638002649,0.221982702802,0.133071480793,0.0,-899.611704036,-900.0859986,899.203534586,899.516547782
0.9000000000000005,0.0155048481059,0.0908138646573,13.9137843456,0.0849490206522,0.0337852189334,0.0,-0.0578069210943,0.474450333171,23.9740458307,0.224836296568,0.140216543819,0.0,-899.637620004,-899.93675894,899.328631069,899.465963407
0.9600000000000005,0.0107161003967,0.122375828506,15.3711002752,0.0985214124317,0.0423072452966,0.0,-0.10292740819,0.578700043042,24.5901849826,0.228810526122,0.145436736001,0.0,-899.56975263,-899.79198208,899.119594962,899.303092382
1.0200000000000005,0.00300104599445,0.16039968439,16.8628762224,0.112007508777,0.0509050030248,0.0,-0.155257963767,0.689650838266,25.1242772536,0.215143786482,0.138634634651,0.0,-900.032142191,-899.767949858,899.302489021,898.770402832
1.0800000000000005,-0.00804818832017,0.205242190957,18.3845075621,0.124770576854,0.0590279001393,0.0,-0.213895352666,0.805722196189,25.5867712254,0.207371245068,0.127929117793,0.0,-900.185744855,-899.76239425,899.281950781,898.986355197
1.1400000000000006,-0.0227754321601,0.257165013466,19.9319741984,0.137114610216,0.0665546563912,0.0,-0.277693162623,0.925501640294,25.9867324702,0.202245892013,0.119955725302,0.0,-900.284137483,-899.970021211,899.24826196,899.058579343
1.2000000000000006,-0.0414606625448,0.31636176178,21.5017648531,0.149042834714,0.0737186226344,0.0,-0.345725216323,1.04808101152,26.3320603941,0.190849048683,0.118264219298,0.0,-900.095389331,-900.03465879,899.513833727,899.068570087
1.2600000000000007,-0.0643424463691,0.382978108477,23.0908213612,0.16032214118,0.0808913243544,0.0,-0.41755152703,1.17271576449,26.6299428762,0.181556886122,0.121988419865,0.0,-899.864088513,-900.022533963,899.630210592,899.268325199
1.3200000000000007,-0.0916476206256,0.457120358823,24.6965003129,0.171093032474,0.0882190538072,0.0,-0.493189835543,1.29888366943,26.8870353323,0.175088168309,0.122407862157,0.0,-899.82364391,-899.848694011,899.782707683,899.5338325
1.3800000000000008,-0.123607853543,0.538872316527,26.3165341335,0.181612196246,0.0955864540425,0.0,-0.572722610021,1.4263516569,27.109215843,0.175777265348,0.123542726086,0.0,-899.812370814,-899.866463941,899.813781242,899.854218914
1.4400000000000008,-0.160455406961,0.628305870859,27.9489492426,0.191969875171,0.102962233211,0.0,-0.656112341971,1.5549547593,27.300456765,0.165449889733,0.121675826716,0.0,-899.810768476,-899.743382033,899.949699749,899.543340014
1.5000000000000009,-0.202423106289,0.725490399967,29.5920309568,0.201727074068,0.110298015952,0.0,-0.743388442019,1.68468989587,27.465331172,0.156264811421,0.123411127993,0.0,-899.596851831,-899.675194184,900.009960602,899.648339527
1.560000000000001,-0.249748557361,0.83049566164,31.2443359803,0.210849588136,0.117485824883,0.0,-0.834708017388,1.81562629127,27.6083539905,0.1418837243,0.111368124775,0.0,-900.039617399,-899.559892138,900.224960041,899.651321703
1.620000000000001,-0.302661717192,0.943378315553,32.9045901396,0.219195229153,0.124241416775,0.0,-0.929569628064,1.94723740077,27.7306801351,0.132839216886,0.114934939371,0.0,-899.595225504,-899.746474673,900.021367666,899.662158188
1.680000000000001,-0.361368823847,1.06417442826,34.5716253818,0.227089310389,0.131251477767,0.0,-1.02788348498,2.07941475506,27.8347633549,0.128898813904,0.120382123448,0.0,-899.399864168,-899.62779443,899.822650555,899.669284274
1.740000000000001,-0.426095198085,1.19293520061,36.2444818423,0.234848783192,0.138482067803,0.0,-1.13025831278,2.21274819855,27.9250120557,0.130161908797,0.120763767582,0.0,-899.80925156,-899.83255959,899.829546953,899.886727609
1.8000000000000012,-0.49708674485,1.32972805869,37.922352929,0.242570270325,0.145762424584,0.0,-1.23674030187,2.3471887854,28.0021970182,0.125578382525,0.12246495921,0.0,-899.972038372,-900.048846109,899.815150226,899.635383978
1.8600000000000012,-0.574594767852,1.47462682778,39.6045129162,0.250154594319,0.153013158621,0.0,-1.34748694331,2.48296128169,28.0681843333,0.128008701057,0.117396332447,0.0,-900.061077671,-899.863854651,899.852495635,899.956617418
1.9200000000000013,-0.658877384241,1.62772147214,41.2903508487,0.257895028432,0.159931702914,0.0,-1.46252522419,2.62041625441,28.1249694205,0.130931260795,0.110773579052,0.0,-900.543367677,-900.282669603,899.741602232,899.86597568
1.9800000000000013,-0.750178647142,1.78911025357,42.9793133425,0.265716712863,0.166579005125,0.0,-1.58140585813,2.75946416409,28.1725064884,0.129197778954,0.110817906865,0.0,-900.261399113,-900.269833113,899.954583473,899.890500244
2.0400000000000014,-0.848724728751,1.95889301651,44.6708744087,0.273273373124,0.173173429709,0.0,-1.70402088901,2.90022647193,28.2117168524,0.118488298907,0.108022104812,0.0,-900.281279192,-900.174704825,900.11426378,899.686043437
2.1000000000000014,-0.954739431274,2.13717482868,46.3645650616,0.280226226924,0.179563940102,0.0,-1.83032763562,3.04273941162,28.2435378536,0.110081892917,0.103298351396,0.0,-900.280077657,-900.095095231,900.167744147,899.831785037
2.1600000000000015,-1.06843568001,2.32405455841,48.0599454281,0.286869163443,0.185462481054,0.0,-1.96001847433,3.18681194996,28.2680924065,0.111952878492,0.0857843144837,0.0,-900.585199046,-899.881801009,899.911081958,899.990897868
2.2200000000000015,-1.19000258877,2.51963141583,49.7566107235,0.293605075741,0.190248451716,0.0,-2.09253677118,3.33265314571,28.28641355,0.112882161232,0.0636618573641,0.0,-900.911717186,-900.020305428,899.915563028,899.957386921
2.2800000000000016,-1.31957930769,2.724015737,51.4542033345,0.300400893673,0.19376275431,0.0,-2.22683159121,3.4803948412,28.2990206796,0.114015258215,0.0457128438123,0.0,-900.951046946,-900.22699902,900.109175322,900.159341695
2.3400000000000016,-1.4572348518,2.93731611486,53.1523652008,0.307143071074,0.196277817333,0.0,-2.3616948976,3.62986191801,28.3054320838,0.108859626247,0.0329794392742,0.0,-900.970717385,-900.45678483,900.209018395,900.004408324
2.4000000000000017,-1.60297489139,3.15963012411,54.8507126018,0.313619793321,0.197898330358,0.0,-2.496215207,3.78084481921,28.3052429123,0.106052639172,0.0110698748435,0.0,-901.03458937,-900.148942718,900.16643818,900.056525858
2.4600000000000017,-1.75675213194,3.39104558362,56.5488489884,0.320005124535,0.19831247647,0.0,-2.62944711003,3.93324717784,28.2984391425,0.107150681871,-0.0031067044463,0.0,-900.77146781,-900.198128904,899.992368981,900.040469681
2.520000000000002,-1.918460363,3.63164489556,58.2463738196,0.326413441593,0.198036340588,0.0,-2.76050964472,4.08700123662,28.2849519177,0.106105921903,-0.00777485255261,0.0,-900.363761015,-900.174900936,899.87451741,899.835857629
2.580000000000002,-2.08795875419,3.88151209719,59.9428982196,0.332707206359,0.197365395943,0.0,-2.88910850716,4.2422023489,28.2651843182,0.102361400398,-0.0190575877778,0.0,-900.066153984,-899.609420908,899.905199019,899.756991268
2.640000000000002,-2.26510362206,4.14075420884,61.6381088611,0.338659795901,0.196116986059,0.0,-3.0153300831,4.39949368097,28.2411709609,0.0920202636182,-0.0245566313809,0.0,-899.947994511,-899.725189201,900.130937836,899.715023563
2.700000000000002,-2.44974749594,4.40950212066,63.3317732399,0.344122740597,0.194850287624,0.0,-3.13906592776,4.55904030057,28.2136231271,0.0890336039185,-0.0149861576493,0.0,-899.894572379,-900.281568051,900.071791057,899.95316607
2.760000000000002,-2.64173696105,4.68787149184,65.0236300927,0.349363671323,0.194111342371,0.0,-3.2602779119,4.72023322362,28.1810032818,0.0837486302828,-0.00744892219664,0.0,-899.707190289,-900.012157446,900.105761451,899.893771501
2.820000000000002,-2.84094191341,4.97597160041,66.713407988,0.35434595768,0.193855465505,0.0,-3.37965378643,4.88340503761,28.1443613391,0.0815786065331,0.00144463589108,0.0,-899.622514517,-899.982471275,900.073785782,899.98767268
2.880000000000002,-3.0472674568,5.27392355926,68.4008746495,0.359194947286,0.194186694039,0.0,-3.49771105067,5.04864272227,28.1040055516,0.0792478142917,0.0126323126379,0.0,900.439883294,-900.065471051,900.024019803,899.931244888
2.940000000000002,-3.2606503238,5.5818521809,70.0858105083,0.363758160147,0.195205105395,0.0,-3.61498435196,5.21596802615,28.060030359,0.0687500217679,0.0244869223971,0.0,900.20595522,-899.858174343,900.339953962,899.916142842
3.000000000000002,-3.48106163102,5.89988486741,71.7680084971,0.367614861716,0.196694680459,0.0,-3.73205066052,5.38541481149,28.0127072178,0.0533668489701,0.0254989404465,0.0,900.507948838,-899.720835184,900.38562112,899.763300651
3.0600000000000023,-3.70849465882,6.228139876,73.4472546158,0.370760340241,0.198338690776,0.0,-3.84904313209,5.55666843962,27.9615817005,0.0504708671763,0.0309568837376,0.0,900.470157234,-899.862520939,900.072853242,899.955810135
3.1200000000000023,-3.94294736644,6.5667180025,75.1233094127,0.373987410949,0.200576300613,0.0,-3.96610230203,5.72953654865,27.9063796026,0.0597002147606,0.0476457731159,0.0,900.258059954,-900.104715599,899.716370649,900.090528564
3.1800000000000024,-4.18444390223,6.91572615851,76.795951012,0.377744366117,0.203892294261,0.0,-4.0839683321,5.90438952422,27.8479021314,0.0678868411724,0.0672892478815,0.0,900.209024119,-900.175537076,899.721580326,900.053853644
3.2400000000000024,-4.43306560765,7.275303639,78.4650255215,0.381803661802,0.208389942814,0.0,-4.20373899141,6.081875099,27.7875105184,0.0671872138863,0.0870452863012,0.0,900.36019405,-900.331997757,900.045139342,900.017687854
3.3000000000000025,-4.68894390204,7.64559590212,80.130382045,0.386084227085,0.214237769979,0.0,-4.32599484446,6.26156554833,27.7239983808,0.0785706490345,0.112772779787,0.0,900.075105201,-900.290312128,899.809755418,900.271867973
3.3600000000000025,-4.95226534206,8.02675228189,81.7918690559,0.391013186056,0.221348561894,0.0,-4.45199939904,6.44405535634,27.6585721163,0.0884841305021,0.128041696595,0.0,900.435534198,-900.229509797,899.837949343,900.241170592
3.4200000000000026,-5.22327994407,8.41894484128,83.4493695163,0.396650952822,0.229566263125,0.0,-4.58255377611,6.62947715941,27.591144626,0.103126055969,0.150559318689,0.0,900.139819986,-900.229537,899.932002347,-899.698436803
3.4800000000000026,-5.50261675753,8.82411167179,85.1040022488,1.14433210117,0.239236730848,0.0,-4.7689143345,6.99357436879,27.7082152428,2.15288899982,0.175799055251,0.0,899.985982594,-900.258301873,812.785164139,-899.769569629
3.5400000000000027,-5.80269894229,9.28760854563,86.7903731566,1.27291610318,0.25012500377,0.0,-5.24144796332,8.49029523025,28.5029211487,2.10365920144,0.1907474688,0.0,899.949276537,-900.041599411,899.77139015,-899.69615246
3.6000000000000028,-6.13272203547,9.84787861972,88.5239131363,1.39858894443,0.261840385352,0.0,-5.76751479058,10.2202796584,29.2767135353,2.0625721338,0.202847103103,0.0,900.111144522,-900.125707027,899.671556715,-899.855103852
3.660000000000003,-6.49601231221,10.5190689978,90.3025921344,1.52190049575,0.274418480537,0.0,-6.35093770585,12.1880701012,30.0037460544,2.0335932077,0.220420677384,0.0,899.992080945,-900.266408683,899.594400712,-900.220764967
3.720000000000003,-6.89614400518,11.3155231788,92.1228365666,1.64357950934,0.288105595605,0.0,-6.99632675912,14.3959526986,30.6584951992,2.01341596667,0.240072269186,0.0,899.996635691,-900.394863967,899.572648935,-900.533696571
3.780000000000003,-7.33699805796,12.2516613501,93.9795585065,1.76388062841,0.303308175241,0.0,-7.70932475646,16.8442017995,31.2160502536,1.97797640344,0.271503897797,0.0,899.663067456,-900.58037456,900.004089672,-900.328868067
3.840000000000003,-7.82283605035,13.3418291752,95.8662383719,1.88206283587,0.320235678544,0.0,-8.49687500841,19.5294895005,31.6541169806,1.94339464927,0.297495031185,0.0,899.649318721,-900.391338651,900.016746045,-900.337790031
3.900000000000003,-8.35834990618,14.6000859176,97.7751473466,1.99823976186,0.338623720014,0.0,-9.36631135922,22.4464649491,31.9545978955,1.91585307447,0.319965647944,0.0,899.428973139,-900.07264468,899.993758252,-900.568260543
3.960000000000003,-8.9487043723,16.0402586887,99.6975477235,2.11287648186,0.358157697813,0.0,-10.3261505269,25.5930978462,32.1016914995,1.89726009135,0.334724941295,0.0,899.814521799,-900.188517222,899.853582301,-900.775526241
4.020000000000002,-9.59957047531,17.6760778864,101.623828583,2.22630243107,0.378383721438,0.0,-11.3847547549,28.9683722911,32.0818758718,1.87121057666,0.341276702467,0.0,899.980975567,-900.06355832,899.764187794,-900.378185243
4.080000000000001,-10.3171781756,19.5214023905,103.54355726,2.33817039878,0.398787962908,0.0,-12.5523082971,32.5773662884,31.8816230756,1.8455789434,0.337329649899,0.0,900.213871141,-899.909908057,900.079719802,-900.695295733
4.14,-11.1083415988,21.5904219051,105.445615075,2.44844766445,0.418948029812,0.0,-13.8382275819,36.4264636029,31.4912768659,1.81506793442,0.332982716574,0.0,900.092026185,-899.80842962,900.00456513,-900.406633944
4.199999999999998,-11.9805177685,23.8979299793,107.318296879,2.55700732343,0.438879868604,0.0,-15.2547470342,40.5294609371,30.9011012392,1.79423710802,0.33035667764,0.0,899.865653388,-899.689307997,899.761825768,-900.541122806
4.259999999999997,-12.9420042672,26.4597472516,109.149307744,2.6643558106,0.458672144211,0.0,-16.8179697973,44.9069979265,30.100494287,1.77620237398,0.328650989151,0.0,899.631541435,-899.532053865,899.790486655,-900.684748985
4.319999999999996,-14.0022270556,29.2931600199,110.925624161,2.77050118161,0.478255322171,0.0,-18.5494988586,49.5873516238,29.0759708068,1.74852956063,0.32116065599,0.0,899.83931229,-899.547138619,900.093949037,-900.600264814
4.379999999999995,-15.1720331825,32.4173880923,112.633463513,2.87494057944,0.497333077,0.0,-20.4751000597,54.6072795056,27.8161151573,1.71581787806,0.310282463818,0.0,899.941204288,-899.558783598,899.848502305,-900.164009719
4.439999999999993,-16.4640413428,35.8542742791,114.258317342,2.97744999809,0.5160153623,0.0,-22.6285443391,60.0180459473,26.3079113473,1.68688150575,0.313200166848,0.0,899.46092786,-899.685672893,899.889357379,-900.364230751
4.499999999999992,-17.8932359481,39.629235613,115.784852323,3.07824927014,0.534761601551,0.0,-25.055830211,65.8879652439,24.5366410441,1.66028079531,0.310567808222,0.0,899.774854474,-899.826320396,899.960836403,-900.529348863
4.559999999999991,-19.4777874008,43.7723997079,117.196851812,3.17754509709,0.553212850759,0.0,-27.8175879688,72.3067073397,22.4874032231,1.64100803703,0.300240399112,0.0,899.966104727,-899.759343148,899.581316128,-900.457761848
4.6199999999999894,-21.2401685134,48.3200897765,118.477020356,3.27559908695,0.571053613439,0.0,-30.997854737,79.3920331331,20.1391866367,1.61490563204,0.290415190414,0.0,900.094937182,-899.966026365,899.868297188,-900.490629955
4.679999999999988,-23.2087525533,53.3168209258,119.606851727,3.37201756329,0.58831393307,0.0,-34.7110793558,87.3020875639,17.4734389711,1.58201706576,0.281076668258,0.0,900.002388279,-899.958211223,899.943266821,-900.309255235
4.739999999999987,-25.420151328,58.8183558459,120.566778367,3.46658940041,0.605004459753,0.0,-39.1204519169,96.2573456787,14.4736425019,1.56042995901,0.271115080267,0.0,900.140462492,-900.144574618,899.497507283,-900.347090856
4.799999999999986,-27.9228894298,64.8962117899,121.336460457,3.55984508148,0.620994486399,0.0,-44.4654658745,106.566682346,11.1319658559,1.53707747898,0.254470539903,0.0,900.214800499,-900.032013784,899.449715122,-900.277433634
4.859999999999984,-30.7833224451,71.64420776,121.895688902,3.65158114368,0.635966348336,0.0,-51.1098691243,118.67493022,7.4635505309,1.5022405326,0.236321340071,0.0,899.98412094,-899.83745871,899.853664427,-900.273088411
4.919999999999983,-34.0954163959,79.189224597,122.226493286,3.7411411519,0.64966427287,0.0,-59.627549698,133.25778818,3.53303215385,1.45313027277,0.201422676859,0.0,900.363084681,-899.653128234,900.190624015,-900.088418969
4.979999999999982,-37.9977965801,87.7097977805,122.317486206,3.82775637698,0.66126342573,0.0,-70.966722605,151.395901355,-0.49455512724,1.40355695641,0.165516895412,0.0,900.383527455,-899.770478263,899.995351011,-899.941750047
5.0399999999999805,-42.7056534636,97.4695225021,122.173073189,3.91138368266,0.670702768031,0.0,-86.8092614657,174.914354797,-4.22814195117,1.34588006531,0.128282963305,0.0,900.038273859,-899.545247819,899.945977623,-899.66518547
